TechType,Lvl,Effect,Location,IsPrivate,P1,P2,P3,P4,P5
,,,,,,,,,
// Overtime from Mainbuilding,,,,,,,,,
20001,1,LaborMoveTimeMod,City,FALSE,1,,,,
20001,2,LaborMoveTimeMod,City,FALSE,2,,,,
20001,3,LaborMoveTimeMod,City,FALSE,3,,,,
20001,4,LaborMoveTimeMod,City,FALSE,4,,,,
20001,5,LaborMoveTimeMod,City,FALSE,5,,,,
,,,,,,,,,
//foundry,,,,,,,,,
21101,1,ACallToArmMod,City ,FALSE,3,60,,,
21101,2,ACallToArmMod,City ,FALSE,6,110,,,
21101,3,ACallToArmMod,City ,FALSE,9,150,,,
21101,4,ACallToArmMod,City ,FALSE,12,180,,,
21101,5,ACallToArmMod,City ,FALSE,15,200,,,
21102,1,AwayFromStructureMod,City,FALSE,2111,-1,,,
21102,1,AwayFromStructureMod,City,FALSE,2402,-1,,,
21102,1,AwayFromStructureMod,City,FALSE,2403,-1,,,
21102,1,HaveTechnology,City,FALSE,21102,1,,,
21102,2,AwayFromStructureMod,City,FALSE,2111,-2,,,
21102,2,AwayFromStructureMod,City,FALSE,2402,-2,,,
21102,2,AwayFromStructureMod,City,FALSE,2403,-2,,,
21102,2,HaveTechnology,City,FALSE,21102,2,,,
21102,3,AwayFromStructureMod,City,FALSE,2111,-3,,,
21102,3,AwayFromStructureMod,City,FALSE,2402,-3,,,
21102,3,AwayFromStructureMod,City,FALSE,2403,-3,,,
21102,3,HaveTechnology,City,FALSE,21102,3,,,
21103,1,SenseOfUrgency,City,FALSE,4,,,,
21103,2,SenseOfUrgency,City,FALSE,8,,,,
21103,3,SenseOfUrgency,City,FALSE,12,,,,
21103,4,SenseOfUrgency,City,FALSE,16,,,,
21103,5,SenseOfUrgency,City,FALSE,20,,,,
21104,1,TroopSpeedMod,City,FALSE,30,DISTANCE,,,
21104,2,TroopSpeedMod,City,FALSE,60,DISTANCE,,,
21104,3,TroopSpeedMod,City,FALSE,90,DISTANCE,,,
21104,4,TroopSpeedMod,City,FALSE,120,DISTANCE,,,
21104,5,TroopSpeedMod,City,FALSE,150,DISTANCE,,,
,,,,,,,,,
//Armory technology,,,,,,,,,
23021,1,PointSystemValue,Object,TRUE,1,,,,
23021,2,PointSystemValue,Object,TRUE,3,,,,
23021,3,PointSystemValue,Object,TRUE,6,,,,
23021,4,PointSystemValue,Object,TRUE,10,,,,
23021,5,PointSystemValue,Object,TRUE,15,,,,
23021,6,PointSystemValue,Object,TRUE,21,,,,
23021,7,PointSystemValue,Object,TRUE,28,,,,
23021,8,PointSystemValue,Object,TRUE,36,,,,
23021,9,PointSystemValue,Object,TRUE,45,,,,
23021,10,PointSystemValue,Object,TRUE,55,,,,
23022,1,PointSystemValue,Object,TRUE,1,,,,
23022,2,PointSystemValue,Object,TRUE,3,,,,
23022,3,PointSystemValue,Object,TRUE,6,,,,
23022,4,PointSystemValue,Object,TRUE,10,,,,
23022,5,PointSystemValue,Object,TRUE,15,,,,
23022,6,PointSystemValue,Object,TRUE,21,,,,
23022,7,PointSystemValue,Object,TRUE,28,,,,
23022,8,PointSystemValue,Object,TRUE,36,,,,
23022,9,PointSystemValue,Object,TRUE,45,,,,
23022,10,PointSystemValue,Object,TRUE,55,,,,
23023,1,PointSystemValue,Object,TRUE,1,,,,
23023,2,PointSystemValue,Object,TRUE,3,,,,
23023,3,PointSystemValue,Object,TRUE,6,,,,
23023,4,PointSystemValue,Object,TRUE,10,,,,
23023,5,PointSystemValue,Object,TRUE,15,,,,
23023,6,PointSystemValue,Object,TRUE,21,,,,
23023,7,PointSystemValue,Object,TRUE,28,,,,
23023,8,PointSystemValue,Object,TRUE,36,,,,
23023,9,PointSystemValue,Object,TRUE,45,,,,
23023,10,PointSystemValue,Object,TRUE,55,,,,
23024,1,PointSystemValue,Object,TRUE,1,,,,
23024,2,PointSystemValue,Object,TRUE,3,,,,
23024,3,PointSystemValue,Object,TRUE,6,,,,
23024,4,PointSystemValue,Object,TRUE,10,,,,
23024,5,PointSystemValue,Object,TRUE,15,,,,
23024,6,PointSystemValue,Object,TRUE,21,,,,
23024,7,PointSystemValue,Object,TRUE,28,,,,
23024,8,PointSystemValue,Object,TRUE,36,,,,
23024,9,PointSystemValue,Object,TRUE,45,,,,
23024,10,PointSystemValue,Object,TRUE,55,,,,
23025,1,PointSystemValue,Object,TRUE,1,,,,
23025,2,PointSystemValue,Object,TRUE,3,,,,
23025,3,PointSystemValue,Object,TRUE,6,,,,
23025,4,PointSystemValue,Object,TRUE,10,,,,
23025,5,PointSystemValue,Object,TRUE,15,,,,
23025,6,PointSystemValue,Object,TRUE,21,,,,
23025,7,PointSystemValue,Object,TRUE,28,,,,
23025,8,PointSystemValue,Object,TRUE,36,,,,
23025,9,PointSystemValue,Object,TRUE,45,,,,
23025,10,PointSystemValue,Object,TRUE,55,,,,
23026,1,PointSystemValue,Object,TRUE,1,,,,
23026,2,PointSystemValue,Object,TRUE,3,,,,
23026,3,PointSystemValue,Object,TRUE,6,,,,
23026,4,PointSystemValue,Object,TRUE,10,,,,
23026,5,PointSystemValue,Object,TRUE,15,,,,
23026,6,PointSystemValue,Object,TRUE,21,,,,
23026,7,PointSystemValue,Object,TRUE,28,,,,
23026,8,PointSystemValue,Object,TRUE,36,,,,
23026,9,PointSystemValue,Object,TRUE,45,,,,
23026,10,PointSystemValue,Object,TRUE,55,,,,
23027,1,PointSystemValue,Object,TRUE,1,,,,
23027,2,PointSystemValue,Object,TRUE,3,,,,
23027,3,PointSystemValue,Object,TRUE,6,,,,
23027,4,PointSystemValue,Object,TRUE,10,,,,
23027,5,PointSystemValue,Object,TRUE,15,,,,
23027,6,PointSystemValue,Object,TRUE,21,,,,
23027,7,PointSystemValue,Object,TRUE,28,,,,
23027,8,PointSystemValue,Object,TRUE,36,,,,
23027,9,PointSystemValue,Object,TRUE,45,,,,
23027,10,PointSystemValue,Object,TRUE,55,,,,
23028,1,PointSystemValue,Object,TRUE,1,,,,
23028,2,PointSystemValue,Object,TRUE,3,,,,
23028,3,PointSystemValue,Object,TRUE,6,,,,
23028,4,PointSystemValue,Object,TRUE,10,,,,
23028,5,PointSystemValue,Object,TRUE,15,,,,
23028,6,PointSystemValue,Object,TRUE,21,,,,
23028,7,PointSystemValue,Object,TRUE,28,,,,
23028,8,PointSystemValue,Object,TRUE,36,,,,
23028,9,PointSystemValue,Object,TRUE,45,,,,
23028,10,PointSystemValue,Object,TRUE,55,,,,
,,,,,,,,,
//Blacksmith,,,,,,,,,
23031,1,PointSystemValue,Object,TRUE,1,,,,
23031,2,PointSystemValue,Object,TRUE,3,,,,
23031,3,PointSystemValue,Object,TRUE,6,,,,
23031,4,PointSystemValue,Object,TRUE,10,,,,
23031,5,PointSystemValue,Object,TRUE,15,,,,
23031,6,PointSystemValue,Object,TRUE,21,,,,
23031,7,PointSystemValue,Object,TRUE,28,,,,
23031,8,PointSystemValue,Object,TRUE,36,,,,
23031,9,PointSystemValue,Object,TRUE,45,,,,
23031,10,PointSystemValue,Object,TRUE,55,,,,
23032,1,PointSystemValue,Object,TRUE,1,,,,
23032,2,PointSystemValue,Object,TRUE,3,,,,
23032,3,PointSystemValue,Object,TRUE,6,,,,
23032,4,PointSystemValue,Object,TRUE,10,,,,
23032,5,PointSystemValue,Object,TRUE,15,,,,
23032,6,PointSystemValue,Object,TRUE,21,,,,
23032,7,PointSystemValue,Object,TRUE,28,,,,
23032,8,PointSystemValue,Object,TRUE,36,,,,
23032,9,PointSystemValue,Object,TRUE,45,,,,
23032,10,PointSystemValue,Object,TRUE,55,,,,
23033,1,PointSystemValue,Object,TRUE,1,,,,
23033,2,PointSystemValue,Object,TRUE,3,,,,
23033,3,PointSystemValue,Object,TRUE,6,,,,
23033,4,PointSystemValue,Object,TRUE,10,,,,
23033,5,PointSystemValue,Object,TRUE,15,,,,
23033,6,PointSystemValue,Object,TRUE,21,,,,
23033,7,PointSystemValue,Object,TRUE,28,,,,
23033,8,PointSystemValue,Object,TRUE,36,,,,
23033,9,PointSystemValue,Object,TRUE,45,,,,
23033,10,PointSystemValue,Object,TRUE,55,,,,
23034,1,PointSystemValue,Object,TRUE,1,,,,
23034,2,PointSystemValue,Object,TRUE,3,,,,
23034,3,PointSystemValue,Object,TRUE,6,,,,
23034,4,PointSystemValue,Object,TRUE,10,,,,
23034,5,PointSystemValue,Object,TRUE,15,,,,
23034,6,PointSystemValue,Object,TRUE,21,,,,
23034,7,PointSystemValue,Object,TRUE,28,,,,
23034,8,PointSystemValue,Object,TRUE,36,,,,
23034,9,PointSystemValue,Object,TRUE,45,,,,
23034,10,PointSystemValue,Object,TRUE,55,,,,
23035,1,PointSystemValue,Object,TRUE,1,,,,
23035,2,PointSystemValue,Object,TRUE,3,,,,
23035,3,PointSystemValue,Object,TRUE,6,,,,
23035,4,PointSystemValue,Object,TRUE,10,,,,
23035,5,PointSystemValue,Object,TRUE,15,,,,
23035,6,PointSystemValue,Object,TRUE,21,,,,
23035,7,PointSystemValue,Object,TRUE,28,,,,
23035,8,PointSystemValue,Object,TRUE,36,,,,
23035,9,PointSystemValue,Object,TRUE,45,,,,
23035,10,PointSystemValue,Object,TRUE,55,,,,
23036,1,PointSystemValue,Object,TRUE,1,,,,
23036,2,PointSystemValue,Object,TRUE,3,,,,
23036,3,PointSystemValue,Object,TRUE,6,,,,
23036,4,PointSystemValue,Object,TRUE,10,,,,
23036,5,PointSystemValue,Object,TRUE,15,,,,
23036,6,PointSystemValue,Object,TRUE,21,,,,
23036,7,PointSystemValue,Object,TRUE,28,,,,
23036,8,PointSystemValue,Object,TRUE,36,,,,
23036,9,PointSystemValue,Object,TRUE,45,,,,
23036,10,PointSystemValue,Object,TRUE,55,,,,
23037,1,PointSystemValue,Object,TRUE,1,,,,
23037,2,PointSystemValue,Object,TRUE,3,,,,
23037,3,PointSystemValue,Object,TRUE,6,,,,
23037,4,PointSystemValue,Object,TRUE,10,,,,
23037,5,PointSystemValue,Object,TRUE,15,,,,
23037,6,PointSystemValue,Object,TRUE,21,,,,
23037,7,PointSystemValue,Object,TRUE,28,,,,
23037,8,PointSystemValue,Object,TRUE,36,,,,
23037,9,PointSystemValue,Object,TRUE,45,,,,
23037,10,PointSystemValue,Object,TRUE,55,,,,
23038,1,PointSystemValue,Object,TRUE,1,,,,
23038,2,PointSystemValue,Object,TRUE,3,,,,
23038,3,PointSystemValue,Object,TRUE,6,,,,
23038,4,PointSystemValue,Object,TRUE,10,,,,
23038,5,PointSystemValue,Object,TRUE,15,,,,
23038,6,PointSystemValue,Object,TRUE,21,,,,
23038,7,PointSystemValue,Object,TRUE,28,,,,
23038,8,PointSystemValue,Object,TRUE,36,,,,
23038,9,PointSystemValue,Object,TRUE,45,,,,
23038,10,PointSystemValue,Object,TRUE,55,,,,
,,,,,,,,,
//Woodland,,,,,,,,,
21072,1,RepairSaving,City,FALSE,5,,,,
21072,2,RepairSaving,City,FALSE,10,,,,
,,,,,,,,,
// stable,,,,,,,,,
22021,1,UnitStatMod,City,FALSE,MaxHp,PERCENT_BONUS,2,GroupEqual=Defense,
22021,2,UnitStatMod,City,FALSE,MaxHp,PERCENT_BONUS,4,GroupEqual=Defense,
22021,3,UnitStatMod,City,FALSE,MaxHp,PERCENT_BONUS,6,GroupEqual=Defense,
22021,4,UnitStatMod,City,FALSE,MaxHp,PERCENT_BONUS,8,GroupEqual=Defense,
22021,5,UnitStatMod,City,FALSE,MaxHp,PERCENT_BONUS,10,GroupEqual=Defense,
22022,1,UnitStatMod,City,FALSE,MaxHp,PERCENT_BONUS,2,GroupEqual=Attack,
22022,2,UnitStatMod,City,FALSE,MaxHp,PERCENT_BONUS,4,GroupEqual=Attack,
22022,3,UnitStatMod,City,FALSE,MaxHp,PERCENT_BONUS,6,GroupEqual=Attack,
22022,4,UnitStatMod,City,FALSE,MaxHp,PERCENT_BONUS,8,GroupEqual=Attack,
22022,5,UnitStatMod,City,FALSE,MaxHp,PERCENT_BONUS,10,GroupEqual=Attack,
22024,1,UpkeepReduce,City,FALSE,10,TypeEqual=105,,,
22024,1,CountEffect,Object,TRUE,2204,1,,,
22025,1,UpkeepReduce,City,FALSE,10,TypeEqual=106,,,
22025,1,CountEffect,Object,TRUE,2204,1,,,
,,,,,,,,,
// University,,,,,,,,,
23011,1,HaveTechnology,City,FALSE,23011,1,,,
23012,1,UnitStatMod,City,FALSE,Splash,RAW_BONUS,1,ArmorEqual=BUILDING3,
23012,2,UnitStatMod,City,FALSE,Splash,RAW_BONUS,2,ArmorEqual=BUILDING3,
23012,3,UnitStatMod,City,FALSE,Splash,RAW_BONUS,3,ArmorEqual=BUILDING3,
23012,4,UnitStatMod,City,FALSE,Splash,RAW_BONUS,1,ArmorEqual=BUILDING1,
23012,4,UnitStatMod,City,FALSE,Splash,RAW_BONUS,1,ArmorEqual=BUILDING2,
23012,4,UnitStatMod,City,FALSE,Splash,RAW_BONUS,3,ArmorEqual=BUILDING3,
23013,1,SplashReduction,City,FALSE,5,TypeEqual=11,,,
23013,1,SplashReduction,City,FALSE,5,TypeEqual=101,,,
23013,1,SplashReduction,City,FALSE,5,TypeEqual=104,,,
23013,2,SplashReduction,City,FALSE,10,TypeEqual=11,,,
23013,2,SplashReduction,City,FALSE,10,TypeEqual=101,,,
23013,2,SplashReduction,City,FALSE,10,TypeEqual=104,,,
23013,3,SplashReduction,City,FALSE,15,TypeEqual=11,,,
23013,3,SplashReduction,City,FALSE,15,TypeEqual=101,,,
23013,3,SplashReduction,City,FALSE,15,TypeEqual=104,,,
23014,1,UnitStatMod,City,FALSE,MaxHp,BOW_SHIELD_BONUS,4,WeaponEqual=BOW,
23014,2,UnitStatMod,City,FALSE,MaxHp,BOW_SHIELD_BONUS,8,WeaponEqual=BOW,
23014,3,UnitStatMod,City,FALSE,MaxHp,BOW_SHIELD_BONUS,12,WeaponEqual=BOW,
23015,1,UnitStatMod,City,FALSE,Carry,RAW_BONUS,15,ArmorEqual=MOUNT,
23015,2,UnitStatMod,City,FALSE,Carry,RAW_BONUS,30,ArmorEqual=MOUNT,
23015,3,UnitStatMod,City,FALSE,Carry,RAW_BONUS,45,ArmorEqual=MOUNT,
,,,,,,,,,
//lumbermill,,,,,,,,,
21071,1,AtticStorageMod,City,TRUE,50,,,,
21071,2,AtticStorageMod,City,TRUE,100,,,,
21071,3,AtticStorageMod,City,TRUE,150,,,,
21071,4,AtticStorageMod,City,TRUE,200,,,,
21071,5,AtticStorageMod,City,TRUE,250,,,,
21071,6,AtticStorageMod,City,TRUE,300,,,,
21071,7,AtticStorageMod,City,TRUE,350,,,,
21071,8,AtticStorageMod,City,TRUE,400,,,,
,,,,,,,,,
//training ground,,,,,,,,,
22011,1,XFOR1,Object,TRUE,4,,,,
22011,1,HaveTechnology,Object,TRUE,22011,1,,,
22012,1,XFOR1,Object,TRUE,3,,,,
22012,1,HaveTechnology,Object,TRUE,22012,1,,,
22013,1,XFOR1,Object,TRUE,2,,,,
22013,1,HaveTechnology,Object,TRUE,22013,1,,,
22014,1,XFOR1,Object,TRUE,1,,,,
22015,1,HaveTechnology,Object,TRUE,22015,1,,,
22015,1,UnitTrainTimeFirst15Reduction,Object,TRUE,99,,,,
,,,,,,,,,
//tribal festival,,,,,,,,,
30021,1,LaborTrainTimeMod,City,FALSE,7,,,,
,,,,,,,,,
//trading post,,,,,,,,,
25011,1,TradeSpeedMod,Object,FALSE,8,,,,
25011,2,TradeSpeedMod,Object,FALSE,16,,,,
25011,3,TradeSpeedMod,Object,FALSE,24,,,,
25011,4,TradeSpeedMod,Object,FALSE,32,,,,
25011,5,TradeSpeedMod,Object,FALSE,40,,,,
,,,,,,,,,
//market,,,,,,,,,
25021,1,LootLoadMod,City,FALSE,1,,,,
25021,2,LootLoadMod,City,FALSE,2,,,,
25021,3,LootLoadMod,City,FALSE,3,,,,
25021,4,LootLoadMod,City,FALSE,4,,,,
25021,5,LootLoadMod,City,FALSE,5,,,,
,,,,,,,,,
//farm,,,,,,,,,
21061,1,SunDance,City,FALSE,10,,,,
21061,2,SunDance,City,FALSE,20,,,,
21061,3,SunDance,City,FALSE,30,,,,
21061,4,SunDance,City,FALSE,40,,,,
21061,5,SunDance,City,FALSE,50,,,,
,,,,,,,,,
//workshop,,,,,,,,,
22031,1,WeaponExport,City,FALSE,1,,,,
22031,2,WeaponExport,City,FALSE,2,,,,
22031,3,WeaponExport,City,FALSE,3,,,,
22031,4,WeaponExport,City,FALSE,4,,,,
22031,5,WeaponExport,City,FALSE,5,,,,
22032,1,UpkeepReduce,City,FALSE,10,TypeEqual=107,,,
22032,1,CountEffect,Object,TRUE,2204,1,,,
22033,1,UpkeepReduce,City,FALSE,10,TypeEqual=108,,,
22033,1,CountEffect,Object,TRUE,2204,1,,,
,,,,,,,,,
//barrack,,,,,,,,,
22041,1,TroopSpeedMod,City,FALSE,4,ATTACK,,,
22041,2,TroopSpeedMod,City,FALSE,8,ATTACK,,,
22041,3,TroopSpeedMod,City,FALSE,12,ATTACK,,,
22041,4,TroopSpeedMod,City,FALSE,16,ATTACK,,,
22041,5,TroopSpeedMod,City,FALSE,20,ATTACK,,,
22042,1,TroopSpeedMod,City,FALSE,4,DEFENSE,,,
22042,2,TroopSpeedMod,City,FALSE,8,DEFENSE,,,
22042,3,TroopSpeedMod,City,FALSE,12,DEFENSE,,,
22042,4,TroopSpeedMod,City,FALSE,16,DEFENSE,,,
22042,5,TroopSpeedMod,City,FALSE,20,DEFENSE,,,
22043,1,LastStand,City,FALSE,10,TypeEqual=103,,,
22043,2,LastStand,City,FALSE,20,TypeEqual=103,,,
22043,3,LastStand,City,FALSE,30,TypeEqual=103,,,
22043,4,LastStand,City,FALSE,40,TypeEqual=103,,,
22043,5,LastStand,City,FALSE,50,TypeEqual=103,,,
22044,1,UpkeepReduce,City,FALSE,10,TypeEqual=101,,,
22044,1,CountEffect,Object,TRUE,2204,1,,,
22045,1,UpkeepReduce,City,FALSE,10,TypeEqual=102,,,
22045,1,CountEffect,Object,TRUE,2204,1,,,
22046,1,UpkeepReduce,City,FALSE,10,TypeEqual=103,,,
22046,1,CountEffect,Object,TRUE,2204,1,,,
22047,1,UpkeepReduce,City,FALSE,10,TypeEqual=104,,,
22047,1,CountEffect,Object,TRUE,2204,1,,,
